  0  background                        150 150 150    0     
  1  A10                          7   8  64    0
  2  A9                        179 100 217    0     
  3  A46                        165  95 172    0    
  4  8a                         14 228 236    0    
  5  A8b                         51 172 123    0    
  6  A47L                        100 103 118    0     
  7  A47M                         28 132 190    0    
  8  A45                        238 200 155    0     
  9  ProM                        225  60 213    0    
 10  A32V                       146 204 208    0       
 11  A32D                        99  49  13    0    
 12  A14                         0 191 175    0     
 13  A24a                        13 211  56    0     
 14  A24b                         2 229 144    0     
 15  A24cd                       132 131 187    0       
 16  A25                       189 196 167    0       
 17  A11L                        37 108  71    0     
 18  A11M                       237  99 183    0      
 19  A13L                        27 241 237    0      
 20  A13M                        58 184 104    0      
 21  Gu                       216  74 146    0      
 22  Opro                       160 100 160    0       
 23  OPAl                       174 115 171    0       
 24  A6D                       195 172 232    0       
 25  A6M                        60   4 178    0    
 26  A6V                       167 133 133    0       
 27  A4M                       122  26  55    0     
 28  A4L                         8  95  46    0   
 29  S1M                        70 225 112    0      
 30  S1D                       231 133 195    0       
 31  S1V                        42 139  15    0     
 32  S2a                        59  75  44    0    
 33  S2b                       185 153 120    0       
 34  Core                       186  52 116    0      
 35  BeltM                       133 127 171    0       
 36  BeltL                       190 250 213    0       
 37  PBR                        23 140 132    0      
 38  PBC                        65 137 171    0      
 39  STR                       102 237  98    0      
 40  AI                       122 178 222    0       
 41  DI                       161 197 114    0       
 42  GI                        55 199 103    0      
 43  ReI                        11 134 164    0      
 44  PalR                        69 165  51    0     
 45  PalC                       189 185 209    0       
 46  Tpt                       166 192  88    0      
 47  TPOR                        36 165 102    0      
 48  TPOC                       187  87 130    0      
 49  FSTR                       230 195  13    0      
 50  FSTC                       154 249 209    0       
 51  TEa                       231  42  21    0     
 52  TEb                       148 131 133    0       
 53  TEc                        82 111 230    0      
 54  TEd                         0 107  19    0    
 55  TEe                        20 186  75    0     
 56  TEf                        18 243  45    0     
 57  TPPro                       241 117 122    0       
 58  PrhR                        96 130  21    0     
 59  PrhC                       152 110  37    0      
 60  Enta                       245  32  45    0     
 61  Entb                        20  97 209    0     
 62  PHGa                       205  53  17    0     
 63  PHGb                       238  11  43    0     
 64  PHGc                       238 224 176    0       
 65  Pri                       187 159 152    0       
 66  SB                        34 230 119    0      
 67  PEa                        89 187 234    0      
 68  PEb                        51 179  40    0     
 69  PF-PFGa                       145 207 212    0       
 70  PF-PFGb                       240 249  98    0      
 71  PGa                       215   5  25    0    
 72  PGb                       157 124 190    0       
 73  Opta                       147  21 113    0      
 74  Optb                       145 217 128    0       
 75  IPa                       104  62  82    0     
 76  IPb                        49  52  55    0    
 77  IPc                        71  22 174    0     
 78  IPd                       202 220 134    0       
 79  A23a                       111 207  71    0      
 80  A23b                       176  32  98    0     
 81  A23V                        34 167 186    0      
 82  A29M                       216 207 134    0       
 83  A30                       216  58  65    0     
 84  A29V                        72 168  10    0     
 85  A31                       187 205 219    0       
 86  PGMa                        89  85  95    0    
 87  PGMb                       195  13 121    0      
 88  ProSt                        51  98 229    0     
 89  V1a                       140  58  19    0     
 90  V1b                       135 166  22    0      
 91  V2M                        53  78 129    0     
 92  V2L                       100 205 225    0       
 93  V2V                       191 200 241    0       
 94  V3D                       112 207 155    0       
 95  V3L                        45 105 196    0      
 96  V3V                       214 128 134    0       
 97  V4L                       252  19 159    0      
 98  V4V                        53  82 119    0     
 99  V5R                       133  72  20    0     
100  V5C                      194 103 140    0         
101  V6R                       33 232 134    0        
102  V6M                       14  92 248    0       
103  V6D                      242  93 177    0        
104  A19DI                       49 177  96    0       
105  A19M                       39 126  55    0       
106  MST                      216 214  74    0        
