  0  background                        150 150 150    0     
  1  DLPFC                          7   8  64    0
  2  VLPFC                        179 100 217    0     
  3  MPFC                        165  95 172    0    
  4  OFC                         14 228 236    0    
  5  MOT                         51 172 123    0    
  6  SS                        100 103 118    0     
  7  AU                         28 132 190    0    
  8  LS                        238 200 155    0     
  9  LIT                        225  60 213    0    
 10  VT                       146 204 208    0       
 11  PPC                        99  49  13    0    
 12  PCRSC                         0 191 175    0     
 13  VC                        13 211  56    0     
