  0  background                        150 150 150    0     
  1  A10                          7   8  64    0
  2  A9                        179 100 217    0     
  3  A46                        165  95 172    0    
  4  A8                         14 228 236    0    
  5  A47                         51 172 123    0    
  6  A45                        100 103 118    0     
  7  ProM                         28 132 190    0    
  8  A32                        238 200 155    0     
  9  A14                        225  60 213    0    
 10  A24                       146 204 208    0       
 11  A25                        99  49  13    0    
 12  A11                         0 191 175    0     
 13  A13                        13 211  56    0     
 14  Gu                         2 229 144    0     
 15  OP                       132 131 187    0       
 16  A6                       189 196 167    0       
 17  A4                        37 108  71    0     
 18  S1                       237  99 183    0      
 19  S2                        27 241 237    0      
 20  Core                        58 184 104    0      
 21  Belt                       216  74 146    0      
 22  PB                       160 100 160    0       
 23  STR                       174 115 171    0       
 24  Ins                       195 172 232    0       
 25  PaI                        60   4 178    0    
 26  Tpt                       167 133 133    0       
 27  TPO                       122  26  55    0     
 28  FST                         8  95  46    0   
 29  TE                        70 225 112    0      
 30  TPPro                       231 133 195    0       
 31  Prh                        42 139  15    0     
 32  Ent                        59  75  44    0    
 33  PHG                       185 153 120    0       
 34  Pri                       186  52 116    0      
 35  SB                       133 127 171    0       
 36  PE                       190 250 213    0       
 37  PF-PFG                        23 140 132    0      
 38  PG                        65 137 171    0      
 39  Opt                       102 237  98    0      
 40  IP                       122 178 222    0       
 41  A23                       161 197 114    0       
 42  A29-A30                        55 199 103    0      
 43  A31                        11 134 164    0      
 44  PGM                        69 165  51    0     
 45  ProSt                       189 185 209    0       
 46  V1                       166 192  88    0      
 47  V2                        36 165 102    0      
 48  V3                       187  87 130    0      
 49  V4                       230 195  13    0      
 50  V5                       154 249 209    0       
 51  V6                       231  42  21    0     
 52  A19DI                       148 131 133    0       
 53  A19M                        82 111 230    0      
 54  MST                         0 107  19    0    
