  0  background                        150 150 150    0     
 28  A1/A2                          7   8  64    0
 43  A10                        179 100 217    0     
 44  A11                        165  95 172    0    
 47  A13L                         14 228 236    0    
 48  A13M                         51 172 123    0    
 45  A13a                        100 103 118    0     
 46  A13b                         28 132 190    0    
 49  A14C                        238 200 155    0     
 50  A14R                        225  60 213    0    
 51  A19DI                       146 204 208    0       
 52  A19M                        99  49  13    0    
 56  A23V                         0 191 175    0     
 53  A23a                        13 211  56    0     
 54  A23b                         2 229 144    0     
 55  A23c                       132 131 187    0       
 57  A24a                       189 196 167    0       
 58  A24b                        37 108  71    0     
 59  A24c                       237  99 183    0      
 60  A24d                        27 241 237    0      
 61  A25                        58 184 104    0      
 62  A29a-c                       216  74 146    0      
 63  A29d                       160 100 160    0       
 64  A30                       174 115 171    0       
 65  A31                       195 172 232    0       
 66  A32                        60   4 178    0    
 67  A32V                       167 133 133    0       
 68  A35                       122  26  55    0     
 69  A36                         8  95  46    0   
 29  A3a                        70 225 112    0      
 30  A3b                       231 133 195    0       
 70  A45                        42 139  15    0     
 71  A46D                        59  75  44    0    
 72  A46V                       185 153 120    0       
 73  A47L                       186  52 116    0      
 74  A47M                       133 127 171    0       
 75  A47O                       190 250 213    0       
 31  A4ab                        23 140 132    0      
 32  A4c                        65 137 171    0      
 33  A6DC                       102 237  98    0      
 34  A6DR                       122 178 222    0       
 35  A6M                       161 197 114    0       
 36  A6Va                        55 199 103    0      
 37  A6Vb                        11 134 164    0      
 41  A8C                        69 165  51    0     
 38  A8aD                       189 185 209    0       
 39  A8Av                       166 192  88    0      
 40  A8b                        36 165 102    0      
 42  A9                       187  87 130    0         
 26  AI                       154 249 209    0       
 27  AIP                       231  42  21    0     
169  Apri                       148 131 133    0          
 81  AuA1                         0 107  19    0    
 76  AuAL                        20 186  75    0     
 77  AuCL                        18 243  45    0     
 78  AuCM                       241 117 122    0       
 79  AuCPB                        96 130  21    0     
 80  AuML                       152 110  37    0      
 82  AuR                       245  32  45    0     
 84  AuRM                        20  97 209    0     
 83  AuRPB                       205  53  17    0     
 87  AuRT                       238  11  43    0     
 85  AuRTL                       238 224 176    0       
 86  AuRTM                       187 159 152    0       
 88  DI                        89 187 234    0         
 89  Ent                       240 249  98    0      
 91  FST                       215   5  25    0    
 92  GI                       157 124 190    0       
 93  Gu                       147  21 113    0      
 95  Ipro                       104  62  82    0     
 96  LIP                        49  52  55    0         
 97  MIP                       111 207  71    0         
 98  MST                        34 167 186    0            
101  OPAl                       216  58  65    0     
102  OPro                        72 168  10    0     
100  OPt                       187 205 219    0        
106  PE                       195  13 121    0      
107  PEC                        51  98 229    0     
108  PF                       140  58  19    0     
109  PFG                       135 166  22    0      
110  PG                        53  78 129    0     
112  PGM                       100 205 225    0       
111  Pga-IPa                       191 200 241    0           
103  PaIL                       214 128 134    0       
104  PaIM                       252  19 159    0         
113  Pir                      194 103 140    0               
118  ProM                      242  93 177    0        
119  ProSt                       49 177  96    0       
121  ReI                       39 126  55    0       
122  S2E                      216 214  74    0        
123  S2I                      251 158 185    0         
124  S2PR                       99 211 181    0        
125  S2PV                      179  18 249    0               
126  STR                      123 101   9    0       
128  TE1                      170 183 113    0         
129  TE2                      204 197 166    0         
130  TE3                       51  68 239    0       
131  TEO                      152 110  38    0        
132  TF                      237  30 183    0        
133  TFO                      137 158  71    0        
134  TH                        7   8 200    0     
135  TL                      134 230 110    0         
136  TLO                      100  68 175    0        
138  TPO                       71 122 174    0        
139  TPPro                      128 130 190    0         
137  Tpro                      213 211  56    0        
140  TPt                       14 128 136    0               
142  V1                      122 126 155    0         
143  V2                       12 209 104    0        
144  V3                      112 109   4    0       
145  V3A                      155  99 103    0        
146  V4                      170 105 171    0         
147  V4T                       30 100 119    0        
148  V5                      100 104 208    0         
149  V6                       11  34  64    0      
150  V6A                      130 190 113    0         
141  VIP                       27  18  64    0      
