300
301
303
304
305
306
309
312
313
315
316
318
321
322
323
325
326
327
328
329
330
332
333
335
336
337
339
341
342
343
344
345
347
348
349
350
351
353
355
357
358
359
360
361
362
363
364
365
366
367
368
369
370
371
372
373
374
375
377
378
379
380
382
383
384
385
387
388
389
390
391
392
393
394
395
396
397
398
399
400
401
405
406
407
408
409
410
411
412
413
415
416
417
419
420
421
422
423
424
425
426
427
428
429
430
431
432
433
434
435
438
439
440
441
442
443
444
446
447
448
449
450
451
453
463
464
467
470
472
482
483
484
485
486
491
492
493
516
522